166
195
195
164
0
0
255
0
0
0
0
0
0
255
255
255
0
0
255
255
eol
204
195
195
195
118
141
0
0
0
0
0
0
0
0
0
0
255
0
0
255
255
eol
204
195
195
164
195
0
0
0
0
0
0
0
0
0
0
0
0
255
0
0
0
eol
204
195
156
163
0
0
0
0
0
0
0
0
0
0
0
0
0
0
255
0
0
eol
204
149
122
0
0
0
0
0
0
0
0
0
0
0
0
0
0
0
0
255
255
eol
204
122
0
0
0
0
0
0
0
127
127
127
255
0
0
0
0
0
0
255
255
eol
204
255
0
0
0
0
0
0
127
127
127
127
127
255
0
0
0
0
0
0
255
eol
204
255
0
0
0
0
0
127
127
127
127
127
127
127
255
0
0
0
0
0
255
eol
204
255
0
0
0
0
0
127
127
127
127
127
127
127
127
0
0
0
0
0
0
eol
204
0
0
0
0
0
127
127
127
127
127
127
127
127
127
255
0
0
0
0
0
eol
204
0
0
0
0
0
127
127
127
127
127
127
127
127
127
255
0
0
0
0
0
eol
204
0
0
0
0
0
127
127
127
127
127
127
127
127
127
255
0
0
0
0
0
eol
204
0
0
0
0
0
127
127
127
127
127
127
127
127
127
255
0
0
0
0
0
eol
204
0
0
0
0
0
127
127
127
127
127
127
127
127
127
255
0
0
0
0
0
eol
204
0
0
0
0
0
255
127
127
127
127
127
127
127
127
255
0
0
0
0
0
eol
204
255
0
0
0
0
0
127
127
127
127
127
127
127
255
0
0
0
0
0
0
eol
204
255
0
0
0
0
0
255
127
127
127
127
127
127
255
0
0
0
0
0
255
eol
204
255
0
0
0
0
0
0
255
127
127
127
255
255
0
0
0
0
0
0
255
eol
204
0
0
0
0
0
0
0
0
255
255
255
255
0
0
0
0
0
0
0
0
eol
204
0
0
0
0
0
0
0
0
0
0
0
0
0
0
0
0
0
0
0
0
eol
204
0
0
255
0
0
0
0
0
0
0
0
0
0
0
0
0
0
255
0
0
eol
204
0
0
0
0
0
0
0
0
0
0
0
0
0
0
0
0
0
0
0
0
eol
204
255
0
0
0
0
0
0
0
0
0
0
0
0
0
0
0
0
0
0
255
eol
204
255
255
0
0
0
255
255
0
0
0
0
0
0
255
255
0
0
0
255
255
eol
eof
