0.0
204.0
201.0
213.0
174.0
174.0
174.0
174.0
174.0
174.0
174.0
176.0
177.0
176.0
174.0
174.0
161.0
139.0
155.0
174.0
174.0
202.0
eol
204.0
213.0
255.0
174.0
174.0
174.0
177.0
207.0
217.0
217.0
217.0
217.0
217.0
212.0
189.0
133.0
127.0
127.0
152.0
174.0
213.0
eol
204.0
171.0
166.0
169.0
174.0
174.0
206.0
217.0
217.0
217.0
217.0
217.0
217.0
217.0
216.0
145.0
127.0
127.0
123.0
0.0
0.0
eol
204.0
165.0
162.0
162.0
65.0
36.0
169.0
217.0
217.0
217.0
217.0
217.0
217.0
217.0
228.0
235.0
127.0
127.0
127.0
0.0
0.0
eol
204.0
162.0
162.0
162.0
169.0
115.0
140.0
174.0
174.0
174.0
177.0
177.0
31.0
242.0
242.0
242.0
127.0
127.0
127.0
255.0
255.0
eol
204.0
162.0
162.0
162.0
161.0
127.0
170.0
174.0
174.0
174.0
177.0
177.0
48.0
242.0
242.0
242.0
123.0
127.0
127.0
195.0
255.0
eol
204.0
162.0
162.0
162.0
131.0
127.0
174.0
174.0
174.0
175.0
177.0
177.0
37.0
242.0
242.0
242.0
135.0
127.0
127.0
123.0
255.0
eol
204.0
162.0
162.0
162.0
127.0
165.0
223.0
230.0
223.0
194.0
177.0
177.0
43.0
235.0
242.0
242.0
219.0
187.0
187.0
152.0
255.0
eol
204.0
162.0
181.0
221.0
230.0
230.0
230.0
206.0
157.0
156.0
165.0
123.0
50.0
136.0
229.0
201.0
195.0
195.0
195.0
193.0
0.0
eol
204.0
162.0
221.0
230.0
206.0
157.0
146.0
146.0
146.0
146.0
144.0
73.0
111.0
146.0
201.0
195.0
195.0
195.0
195.0
151.0
11.0
eol
204.0
157.0
194.0
206.0
151.0
146.0
146.0
146.0
146.0
146.0
120.0
73.0
76.0
146.0
218.0
195.0
195.0
172.0
33.0
28.0
39.0
eol
204.0
76.0
162.0
146.0
146.0
146.0
146.0
146.0
146.0
147.0
73.0
73.0
73.0
160.0
196.0
224.0
242.0
235.0
28.0
28.0
68.0
eol
204.0
143.0
122.0
146.0
146.0
146.0
142.0
146.0
146.0
146.0
73.0
73.0
73.0
192.0
195.0
197.0
242.0
242.0
28.0
28.0
72.0
eol
204.0
173.0
127.0
146.0
146.0
146.0
145.0
146.0
146.0
146.0
73.0
73.0
73.0
195.0
195.0
195.0
242.0
180.0
28.0
28.0
72.0
eol
204.0
135.0
127.0
145.0
146.0
146.0
122.0
146.0
146.0
37.0
73.0
73.0
73.0
195.0
195.0
195.0
174.0
174.0
97.0
28.0
72.0
eol
204.0
161.0
127.0
138.0
146.0
146.0
142.0
146.0
112.0
35.0
73.0
73.0
73.0
195.0
195.0
195.0
174.0
174.0
170.0
51.0
72.0
eol
204.0
178.0
152.0
146.0
146.0
146.0
146.0
91.0
48.0
37.0
73.0
73.0
73.0
195.0
195.0
195.0
124.0
189.0
204.0
204.0
126.0
eol
204.0
150.0
139.0
125.0
145.0
146.0
146.0
145.0
124.0
63.0
73.0
73.0
73.0
194.0
195.0
201.0
194.0
217.0
217.0
217.0
212.0
eol
204.0
147.0
125.0
122.0
133.0
146.0
146.0
146.0
145.0
119.0
73.0
73.0
73.0
91.0
195.0
205.0
217.0
217.0
217.0
217.0
158.0
eol
204.0
169.0
134.0
122.0
122.0
133.0
146.0
146.0
146.0
83.0
73.0
73.0
73.0
0.0
0.0
140.0
217.0
217.0
167.0
79.0
72.0
eol
204.0
107.0
191.0
191.0
191.0
191.0
169.0
146.0
165.0
191.0
73.0
73.0
73.0
191.0
191.0
191.0
191.0
191.0
193.0
134.0
131.0
eol
204.0
6.0
119.0
191.0
191.0
191.0
191.0
191.0
191.0
158.0
73.0
73.0
73.0
191.0
191.0
191.0
191.0
191.0
113.0
157.0
195.0
eol
204.0
255.0
0.0
0.0
6.0
119.0
191.0
191.0
191.0
84.0
73.0
73.0
73.0
191.0
191.0
191.0
125.0
6.0
0.0
60.0
127.0
eol
204.0
255.0
255.0
0.0
0.0
0.0
255.0
255.0
0.0
71.0
73.0
73.0
43.0
0.0
255.0
255.0
0.0
0.0
0.0
255.0
255.0
eol
eof
