204.0
248.0
255.0
255.0
255.0
255.0
255.0
255.0
255.0
255.0
55.0
34.0
41.0
255.0
255.0
255.0
255.0
255.0
255.0
255.0
255.0
204.0
eol
255.0
255.0
255.0
255.0
255.0
226.0
166.0
153.0
153.0
153.0
153.0
153.0
166.0
216.0
255.0
255.0
255.0
255.0
255.0
255.0
204.0
eol
183.0
64.0
159.0
255.0
255.0
166.0
153.0
153.0
153.0
153.0
153.0
153.0
153.0
156.0
251.0
255.0
255.0
247.0
0.0
0.0
204.0
eol
18.0
0.0
7.0
96.0
72.0
207.0
153.0
153.0
153.0
153.0
153.0
153.0
153.0
195.0
254.0
255.0
255.0
255.0
0.0
0.0
204.0
eol
0.0
0.0
0.0
247.0
231.0
255.0
255.0
255.0
255.0
34.0
34.0
215.0
255.0
255.0
255.0
255.0
255.0
255.0
255.0
255.0
204.0
eol
0.0
0.0
0.0
255.0
255.0
255.0
255.0
255.0
255.0
34.0
34.0
239.0
255.0
255.0
255.0
247.0
255.0
255.0
255.0
255.0
204.0
eol
0.0
0.0
0.0
255.0
255.0
255.0
255.0
255.0
165.0
34.0
34.0
228.0
255.0
255.0
255.0
185.0
255.0
255.0
247.0
255.0
204.0
eol
0.0
0.0
0.0
255.0
227.0
190.0
181.0
190.0
92.0
34.0
34.0
220.0
254.0
255.0
255.0
227.0
203.0
203.0
232.0
255.0
204.0
eol
0.0
51.0
158.0
181.0
181.0
181.0
162.0
121.0
120.0
63.0
109.0
212.0
236.0
238.0
203.0
195.0
195.0
195.0
197.0
0.0
204.0
eol
0.0
158.0
181.0
162.0
121.0
112.0
112.0
112.0
112.0
116.0
170.0
139.0
112.0
203.0
195.0
195.0
195.0
195.0
217.0
89.0
204.0
eol
0.0
85.0
162.0
116.0
112.0
112.0
112.0
112.0
112.0
132.0
163.0
162.0
112.0
224.0
195.0
195.0
212.0
236.0
237.0
183.0
204.0
eol
0.0
0.0
112.0
112.0
112.0
112.0
112.0
112.0
113.0
163.0
163.0
163.0
135.0
194.0
232.0
255.0
252.0
237.0
237.0
79.0
204.0
eol
150.0
238.0
112.0
112.0
112.0
116.0
112.0
112.0
112.0
163.0
163.0
163.0
192.0
195.0
197.0
255.0
255.0
237.0
237.0
63.0
204.0
eol
216.0
255.0
112.0
112.0
112.0
113.0
112.0
112.0
112.0
163.0
163.0
163.0
195.0
195.0
195.0
255.0
251.0
237.0
237.0
63.0
204.0
eol
248.0
255.0
117.0
112.0
112.0
137.0
112.0
112.0
229.0
163.0
163.0
163.0
195.0
195.0
195.0
255.0
255.0
245.0
237.0
63.0
204.0
eol
226.0
255.0
175.0
112.0
112.0
116.0
112.0
149.0
229.0
163.0
163.0
163.0
195.0
195.0
195.0
255.0
255.0
254.0
140.0
63.0
204.0
eol
176.0
123.0
112.0
112.0
112.0
112.0
190.0
214.0
227.0
163.0
163.0
163.0
195.0
195.0
195.0
249.0
216.0
161.0
148.0
96.0
204.0
eol
121.0
132.0
176.0
115.0
112.0
112.0
115.0
162.0
217.0
163.0
163.0
163.0
197.0
195.0
183.0
164.0
153.0
153.0
153.0
150.0
204.0
eol
115.0
176.0
185.0
151.0
112.0
112.0
112.0
115.0
186.0
163.0
163.0
163.0
91.0
195.0
149.0
153.0
153.0
153.0
153.0
117.0
204.0
eol
159.0
146.0
185.0
185.0
151.0
112.0
112.0
112.0
207.0
163.0
163.0
163.0
0.0
0.0
112.0
153.0
153.0
126.0
68.0
63.0
204.0
eol
113.0
200.0
200.0
200.0
200.0
159.0
112.0
149.0
200.0
163.0
163.0
163.0
200.0
200.0
200.0
200.0
200.0
202.0
131.0
126.0
204.0
eol
6.0
125.0
200.0
200.0
200.0
200.0
200.0
200.0
190.0
163.0
163.0
163.0
200.0
200.0
200.0
200.0
200.0
119.0
157.0
195.0
204.0
eol
255.0
0.0
0.0
6.0
125.0
200.0
200.0
200.0
167.0
163.0
163.0
163.0
200.0
200.0
200.0
131.0
6.0
0.0
60.0
127.0
204.0
eol
255.0
255.0
0.0
0.0
0.0
255.0
255.0
0.0
158.0
163.0
163.0
97.0
0.0
255.0
255.0
0.0
0.0
0.0
255.0
255.0
204.0
eol
eof
