204.0
217.0
227.0
201.0
201.0
201.0
201.0
201.0
201.0
201.0
88.0
76.0
80.0
201.0
201.0
155.0
79.0
135.0
201.0
201.0
219.0
204.0
eol
227.0
255.0
201.0
201.0
201.0
177.0
215.0
234.0
234.0
234.0
234.0
234.0
230.0
213.0
59.0
39.0
39.0
124.0
201.0
227.0
204.0
eol
209.0
224.0
212.0
201.0
201.0
212.0
234.0
234.0
234.0
234.0
234.0
234.0
234.0
227.0
26.0
39.0
39.0
38.0
0.0
0.0
204.0
eol
228.0
232.0
231.0
75.0
11.0
131.0
234.0
234.0
234.0
234.0
234.0
234.0
234.0
139.0
1.0
39.0
39.0
39.0
0.0
0.0
204.0
eol
232.0
232.0
232.0
195.0
35.0
85.0
201.0
201.0
201.0
76.0
76.0
35.0
0.0
0.0
0.0
39.0
39.0
39.0
255.0
255.0
204.0
eol
232.0
232.0
232.0
155.0
39.0
186.0
201.0
201.0
201.0
76.0
76.0
55.0
0.0
0.0
0.0
38.0
39.0
39.0
153.0
255.0
204.0
eol
232.0
232.0
232.0
54.0
39.0
201.0
201.0
201.0
150.0
76.0
76.0
44.0
0.0
0.0
0.0
14.0
39.0
39.0
38.0
255.0
204.0
eol
232.0
232.0
232.0
39.0
35.0
50.0
29.0
50.0
58.0
76.0
76.0
49.0
1.0
0.0
0.0
73.0
176.0
176.0
97.0
255.0
204.0
eol
232.0
174.0
54.0
29.0
29.0
29.0
74.0
170.0
170.0
118.0
66.0
56.0
26.0
55.0
171.0
195.0
195.0
195.0
190.0
0.0
204.0
eol
232.0
54.0
29.0
74.0
170.0
190.0
190.0
190.0
190.0
188.0
145.0
170.0
190.0
171.0
195.0
195.0
195.0
195.0
131.0
14.0
204.0
eol
225.0
137.0
74.0
180.0
190.0
190.0
190.0
190.0
190.0
181.0
164.0
165.0
190.0
94.0
195.0
195.0
135.0
41.0
36.0
82.0
204.0
eol
109.0
232.0
186.0
190.0
190.0
190.0
190.0
190.0
190.0
164.0
164.0
164.0
191.0
167.0
73.0
0.0
1.0
36.0
36.0
188.0
204.0
eol
173.0
43.0
190.0
190.0
190.0
175.0
190.0
190.0
190.0
164.0
164.0
164.0
195.0
195.0
189.0
0.0
0.0
36.0
36.0
204.0
204.0
eol
177.0
39.0
190.0
190.0
190.0
186.0
190.0
190.0
190.0
164.0
164.0
164.0
195.0
195.0
195.0
0.0
42.0
36.0
36.0
204.0
204.0
eol
63.0
39.0
185.0
190.0
190.0
159.0
190.0
190.0
45.0
164.0
164.0
164.0
195.0
195.0
195.0
201.0
201.0
113.0
36.0
204.0
204.0
eol
140.0
39.0
124.0
190.0
190.0
185.0
190.0
140.0
42.0
164.0
164.0
164.0
195.0
195.0
195.0
201.0
201.0
196.0
55.0
204.0
204.0
eol
219.0
195.0
190.0
190.0
190.0
190.0
111.0
55.0
45.0
164.0
164.0
164.0
195.0
195.0
195.0
144.0
213.0
222.0
219.0
215.0
204.0
eol
194.0
160.0
100.0
187.0
190.0
190.0
187.0
122.0
55.0
164.0
164.0
164.0
194.0
195.0
206.0
210.0
234.0
234.0
234.0
233.0
204.0
eol
191.0
100.0
87.0
135.0
190.0
190.0
190.0
187.0
85.0
164.0
164.0
164.0
91.0
195.0
220.0
234.0
234.0
234.0
234.0
222.0
204.0
eol
211.0
142.0
87.0
87.0
135.0
190.0
190.0
190.0
67.0
164.0
164.0
164.0
0.0
0.0
156.0
234.0
234.0
184.0
203.0
204.0
204.0
eol
130.0
231.0
231.0
231.0
231.0
211.0
190.0
207.0
231.0
164.0
164.0
164.0
231.0
231.0
231.0
231.0
231.0
232.0
174.0
199.0
204.0
eol
7.0
144.0
231.0
231.0
231.0
231.0
231.0
231.0
212.0
164.0
164.0
164.0
231.0
231.0
231.0
231.0
231.0
137.0
157.0
195.0
204.0
eol
255.0
0.0
0.0
7.0
144.0
231.0
231.0
231.0
171.0
164.0
164.0
164.0
231.0
231.0
231.0
152.0
7.0
0.0
60.0
127.0
204.0
eol
255.0
255.0
0.0
0.0
0.0
255.0
255.0
0.0
159.0
164.0
164.0
97.0
0.0
255.0
255.0
0.0
0.0
0.0
255.0
255.0
204.0
eol
eof
